07/09/2019 03:07:13 Accuracy: 0.86 07/09/2019 03:07:19 Accuracy: 0.84 08/09/2019 01:16:34      Fechamento  Abertura   Maxima   Minima  Chikou     Tekan     Kinju  Senkou A  Senkou B  Chikou0  ...  T/K 0  T/K 1  T/K 2  Preco X T/K 0  Preco X T/K 1  Preco X T/K 2  Kumo 0  Kumo 1  Kumo 2  Resultado
0           13.3      13.3     13.3     13.3    17.8     -1.00     -1.00     -1.00     -1.00       -1  ...     -1     -1     -1             -1             -1             -1      -1      -1      -1          1
1           13.3      13.3     13.3     13.3    18.7     -1.00     -1.00     -1.00     -1.00       -1  ...     -1     -1     -1             -1             -1             -1      -1      -1      -1          1
2           13.4      13.4     13.4     13.4    19.5     -1.00     -1.00     -1.00     -1.00       -1  ...     -1     -1     -1             -1             -1             -1      -1      -1      -1          1
3           13.5      13.5     13.5     13.5    19.7     -1.00     -1.00     -1.00     -1.00       -1  ...     -1     -1     -1             -1             -1             -1      -1      -1      -1          1
4           13.4      13.4     13.4     13.4    20.4     -1.00     -1.00     -1.00     -1.00       -1  ...     -1     -1     -1             -1             -1             -1      -1      -1      -1          1
5           13.4      13.4     13.4     13.4    20.5     -1.00     -1.00     -1.00     -1.00       -1  ...     -1     -1     -1             -1             -1             -1      -1      -1      -1          1
6           13.6      13.6     13.6     13.6    19.6     -1.00     -1.00     -1.00     -1.00       -1  ...     -1     -1     -1             -1             -1             -1      -1      -1      -1          1
7           13.7      13.7     13.7     13.7    20.6     -1.00     -1.00     -1.00     -1.00       -1  ...     -1     -1     -1             -1             -1             -1      -1      -1      -1          1
8           13.8      13.8     13.8     13.8    20.4     13.55     -1.00     -1.00     -1.00       -1  ...     -1     -1     -1             -1             -1             -1      -1      -1      -1          1
9           14.1      14.1     14.1     14.1    20.6     13.70     -1.00     -1.00     -1.00       -1  ...     -1     -1     -1             -1             -1             -1      -1      -1      -1          1
10          14.1      14.1     14.1     14.1    21.2     13.75     -1.00     -1.00     -1.00       -1  ...     -1     -1     -1             -1             -1             -1      -1      -1      -1          1
11          14.2      14.2     14.2     14.2    22.1     13.80     -1.00     -1.00     -1.00       -1  ...     -1     -1     -1             -1             -1             -1      -1      -1      -1          1
12          14.1      14.1     14.1     14.1    22.7     13.80     -1.00     -1.00     -1.00       -1  ...     -1     -1     -1             -1             -1             -1      -1      -1      -1          1
13          14.3      14.3     14.3     14.3    23.6     13.85     -1.00     -1.00     -1.00       -1  ...     -1     -1     -1             -1             -1             -1      -1      -1      -1          1
14          14.3      14.3     14.3     14.3    24.0     13.95     -1.00     -1.00     -1.00       -1  ...     -1     -1     -1             -1             -1             -1      -1      -1      -1          1
15          14.7      14.7     14.7     14.7    24.6     14.20     -1.00     -1.00     -1.00       -1  ...     -1     -1     -1             -1             -1             -1      -1      -1      -1          1
16          15.5      15.5     15.5     15.5    25.2     14.65     -1.00     -1.00     -1.00       -1  ...     -1     -1     -1             -1             -1             -1      -1      -1      -1          1
17          15.7      15.7     15.7     15.7    24.2     14.90     -1.00     -1.00     -1.00       -1  ...     -1     -1     -1             -1             -1             -1      -1      -1      -1          1
18          15.6      15.6     15.6     15.6    27.2     14.90     -1.00     -1.00     -1.00       -1  ...     -1     -1     -1             -1             -1             -1      -1      -1      -1          1
19          15.7      15.7     15.7     15.7    27.1     14.90     -1.00     -1.00     -1.00       -1  ...     -1     -1     -1             -1             -1             -1      -1      -1      -1          1
20          16.8      16.8     16.8     16.8    27.2     15.45     -1.00     -1.00     -1.00       -1  ...     -1     -1     -1             -1             -1             -1      -1      -1      -1          1
21          17.3      17.3     17.3     17.3    26.8     15.80     -1.00     -1.00     -1.00       -1  ...     -1     -1     -1             -1             -1             -1      -1      -1      -1          1
22          17.5      17.5     17.5     17.5    27.0     15.90     -1.00     -1.00     -1.00       -1  ...     -1     -1     -1             -1             -1             -1      -1      -1      -1          1
23          16.9      16.9     16.9     16.9    29.4     16.10     -1.00     -1.00     -1.00       -1  ...     -1     -1     -1             -1             -1             -1      -1      -1      -1          1
24          17.4      17.4     17.4     17.4    29.6     16.50     -1.00     -1.00     -1.00       -1  ...     -1     -1     -1             -1             -1             -1      -1      -1      -1          1
25          17.9      17.9     17.9     17.9    29.8     16.75     15.60     -1.00     -1.00       -1  ...     -1      1     -1             -1              1             -1      -1      -1      -1          1
26          17.8      17.8     17.8     17.8    30.3     16.75     15.60     -1.00     -1.00       -1  ...     -1      1     -1             -1              1             -1      -1      -1      -1          1
27          18.7      18.7     18.7     18.7    29.8     17.20     16.05     -1.00     -1.00       -1  ...     -1      1     -1             -1              1             -1      -1      -1      -1          1
28          19.5      19.5     19.5     19.5    29.9     18.15     16.45     -1.00     -1.00       -1  ...     -1      1     -1             -1              1             -1      -1      -1      -1          1
29          19.7      19.7     19.7     19.7    30.4     18.30     16.55     -1.00     -1.00       -1  ...     -1      1     -1             -1              1             -1      -1      -1      -1          1
...          ...       ...      ...      ...     ...       ...       ...       ...       ...      ...  ...    ...    ...    ...            ...            ...            ...     ...     ...     ...        ...
1805     14315.0   15374.0  15467.0  13232.0    -1.0  14213.50  15095.00   9038.35   8121.15       -1  ...     -1     -1      2              0             -1             -1      -1       1      -1          2
1806     14317.0   14323.0  15105.0  13847.0    -1.0  14025.50  15304.50   9310.73   8478.15       -1  ...     -1     -1      2              0             -1             -1      -1       1      -1          2
1807     12377.0   14308.0  14403.0  11690.0    -1.0  13606.00  15304.50   9469.80   8478.15       -1  ...     -1     -1      2              0             -1             -1      -1       1      -1          2
1808     13800.0   12385.0  14140.0  12183.9    -1.0  14047.60  15304.50   9536.25   8531.65       -1  ...     -1     -1      2             -1             -1              2      -1       1      -1          2
1809        -1.0      -1.0     -1.0     -1.0    -1.0     -1.00     -1.00  10360.75   9356.15       -1  ...     -1     -1     -1             -1             -1             -1      -1       1      -1          1
1810        -1.0      -1.0     -1.0     -1.0    -1.0     -1.00     -1.00  11881.25  10876.65       -1  ...     -1     -1     -1             -1             -1             -1      -1       1      -1          1
1811        -1.0      -1.0     -1.0     -1.0    -1.0     -1.00     -1.00  12231.78  11137.15       -1  ...     -1     -1     -1             -1             -1             -1      -1       1      -1          1
1812        -1.0      -1.0     -1.0     -1.0    -1.0     -1.00     -1.00  12501.38  11263.95       -1  ...     -1     -1     -1             -1             -1             -1      -1       1      -1          1
1813        -1.0      -1.0     -1.0     -1.0    -1.0     -1.00     -1.00  12802.23  11263.95       -1  ...     -1     -1     -1             -1             -1             -1      -1       1      -1          1
1814        -1.0      -1.0     -1.0     -1.0    -1.0     -1.00     -1.00  13071.23  11405.45       -1  ...     -1     -1     -1             -1             -1             -1      -1       1      -1          1
1815        -1.0      -1.0     -1.0     -1.0    -1.0     -1.00     -1.00  13301.88  11433.95       -1  ...     -1     -1     -1             -1             -1             -1      -1       1      -1          1
1816        -1.0      -1.0     -1.0     -1.0    -1.0     -1.00     -1.00  13458.38  11433.95       -1  ...     -1     -1     -1             -1             -1             -1      -1       1      -1          1
1817        -1.0      -1.0     -1.0     -1.0    -1.0     -1.00     -1.00  13560.50  11433.95       -1  ...     -1     -1     -1             -1             -1             -1      -1       1      -1          1
1818        -1.0      -1.0     -1.0     -1.0    -1.0     -1.00     -1.00  14183.50  11732.95       -1  ...     -1     -1     -1             -1             -1             -1      -1       1      -1          1
1819        -1.0      -1.0     -1.0     -1.0    -1.0     -1.00     -1.00  14908.50  12487.00       -1  ...     -1     -1     -1             -1             -1             -1      -1       1      -1          1
1820        -1.0      -1.0     -1.0     -1.0    -1.0     -1.00     -1.00  15100.75  12658.50       -1  ...     -1     -1     -1             -1             -1             -1      -1       1      -1          1
1821        -1.0      -1.0     -1.0     -1.0    -1.0     -1.00     -1.00  15100.75  12658.50       -1  ...     -1     -1     -1             -1             -1             -1      -1       1      -1          1
1822        -1.0      -1.0     -1.0     -1.0    -1.0     -1.00     -1.00  15648.00  12658.50       -1  ...     -1     -1     -1             -1             -1             -1      -1       1      -1          1
1823        -1.0      -1.0     -1.0     -1.0    -1.0     -1.00     -1.00  15853.73  12658.50       -1  ...     -1     -1     -1             -1             -1             -1      -1       1      -1          1
1824        -1.0      -1.0     -1.0     -1.0    -1.0     -1.00     -1.00  15844.55  12658.50       -1  ...     -1     -1     -1             -1             -1             -1      -1       1      -1          1
1825        -1.0      -1.0     -1.0     -1.0    -1.0     -1.00     -1.00  14830.25  12658.50       -1  ...     -1     -1     -1             -1             -1             -1      -1       1      -1          1
1826        -1.0      -1.0     -1.0     -1.0    -1.0     -1.00     -1.00  14830.25  12658.50       -1  ...     -1     -1     -1             -1             -1             -1      -1       1      -1          1
1827        -1.0      -1.0     -1.0     -1.0    -1.0     -1.00     -1.00  14830.25  12658.50       -1  ...     -1     -1     -1             -1             -1             -1      -1       1      -1          1
1828        -1.0      -1.0     -1.0     -1.0    -1.0     -1.00     -1.00  14830.25  12658.50       -1  ...     -1     -1     -1             -1             -1             -1      -1       1      -1          1
1829        -1.0      -1.0     -1.0     -1.0    -1.0     -1.00     -1.00  14787.53  12658.50       -1  ...     -1     -1     -1             -1             -1             -1      -1       1      -1          1
1830        -1.0      -1.0     -1.0     -1.0    -1.0     -1.00     -1.00  14973.75  12658.50       -1  ...     -1     -1     -1             -1             -1             -1      -1       1      -1          1
1831        -1.0      -1.0     -1.0     -1.0    -1.0     -1.00     -1.00  14654.25  12658.50       -1  ...     -1     -1     -1             -1             -1             -1      -1       1      -1          1
1832        -1.0      -1.0     -1.0     -1.0    -1.0     -1.00     -1.00  14665.00  12658.50       -1  ...     -1     -1     -1             -1             -1             -1      -1       1      -1          1
1833        -1.0      -1.0     -1.0     -1.0    -1.0     -1.00     -1.00  14455.25  12658.50       -1  ...     -1     -1     -1             -1             -1             -1      -1       1      -1          1
1834        -1.0      -1.0     -1.0     -1.0    -1.0     -1.00     -1.00  14676.05  12658.50       -1  ...     -1     -1     -1             -1             -1             -1      -1       1      -1          1

[1835 rows x 22 columns]      Fechamento  Abertura   Maxima   Minima  Chikou     Tekan     Kinju  Senkou A  Senkou B  Chikou0  Chikou1  Chikou2  T/K 0  T/K 1  T/K 2  Preco X T/K 0  Preco X T/K 1  Preco X T/K 2  Kumo 0  Kumo 1  Kumo 2
0           13.3      13.3     13.3     13.3    17.8     -1.00     -1.00     -1.00     -1.00       -1        1       -1     -1     -1     -1             -1             -1             -1      -1      -1      -1
1           13.3      13.3     13.3     13.3    18.7     -1.00     -1.00     -1.00     -1.00       -1        1       -1     -1     -1     -1             -1             -1             -1      -1      -1      -1
2           13.4      13.4     13.4     13.4    19.5     -1.00     -1.00     -1.00     -1.00       -1        1       -1     -1     -1     -1             -1             -1             -1      -1      -1      -1
3           13.5      13.5     13.5     13.5    19.7     -1.00     -1.00     -1.00     -1.00       -1        1       -1     -1     -1     -1             -1             -1             -1      -1      -1      -1
4           13.4      13.4     13.4     13.4    20.4     -1.00     -1.00     -1.00     -1.00       -1        1       -1     -1     -1     -1             -1             -1             -1      -1      -1      -1
5           13.4      13.4     13.4     13.4    20.5     -1.00     -1.00     -1.00     -1.00       -1        1       -1     -1     -1     -1             -1             -1             -1      -1      -1      -1
6           13.6      13.6     13.6     13.6    19.6     -1.00     -1.00     -1.00     -1.00       -1        1       -1     -1     -1     -1             -1             -1             -1      -1      -1      -1
7           13.7      13.7     13.7     13.7    20.6     -1.00     -1.00     -1.00     -1.00       -1        1       -1     -1     -1     -1             -1             -1             -1      -1      -1      -1
8           13.8      13.8     13.8     13.8    20.4     13.55     -1.00     -1.00     -1.00       -1        1       -1     -1     -1     -1             -1             -1             -1      -1      -1      -1
9           14.1      14.1     14.1     14.1    20.6     13.70     -1.00     -1.00     -1.00       -1        1       -1     -1     -1     -1             -1             -1             -1      -1      -1      -1
10          14.1      14.1     14.1     14.1    21.2     13.75     -1.00     -1.00     -1.00       -1        1       -1     -1     -1     -1             -1             -1             -1      -1      -1      -1
11          14.2      14.2     14.2     14.2    22.1     13.80     -1.00     -1.00     -1.00       -1        1       -1     -1     -1     -1             -1             -1             -1      -1      -1      -1
12          14.1      14.1     14.1     14.1    22.7     13.80     -1.00     -1.00     -1.00       -1        1       -1     -1     -1     -1             -1             -1             -1      -1      -1      -1
13          14.3      14.3     14.3     14.3    23.6     13.85     -1.00     -1.00     -1.00       -1        1       -1     -1     -1     -1             -1             -1             -1      -1      -1      -1
14          14.3      14.3     14.3     14.3    24.0     13.95     -1.00     -1.00     -1.00       -1        1       -1     -1     -1     -1             -1             -1             -1      -1      -1      -1
15          14.7      14.7     14.7     14.7    24.6     14.20     -1.00     -1.00     -1.00       -1        1       -1     -1     -1     -1             -1             -1             -1      -1      -1      -1
16          15.5      15.5     15.5     15.5    25.2     14.65     -1.00     -1.00     -1.00       -1        1       -1     -1     -1     -1             -1             -1             -1      -1      -1      -1
17          15.7      15.7     15.7     15.7    24.2     14.90     -1.00     -1.00     -1.00       -1        1       -1     -1     -1     -1             -1             -1             -1      -1      -1      -1
18          15.6      15.6     15.6     15.6    27.2     14.90     -1.00     -1.00     -1.00       -1        1       -1     -1     -1     -1             -1             -1             -1      -1      -1      -1
19          15.7      15.7     15.7     15.7    27.1     14.90     -1.00     -1.00     -1.00       -1        1       -1     -1     -1     -1             -1             -1             -1      -1      -1      -1
20          16.8      16.8     16.8     16.8    27.2     15.45     -1.00     -1.00     -1.00       -1        1       -1     -1     -1     -1             -1             -1             -1      -1      -1      -1
21          17.3      17.3     17.3     17.3    26.8     15.80     -1.00     -1.00     -1.00       -1        1       -1     -1     -1     -1             -1             -1             -1      -1      -1      -1
22          17.5      17.5     17.5     17.5    27.0     15.90     -1.00     -1.00     -1.00       -1        1       -1     -1     -1     -1             -1             -1             -1      -1      -1      -1
23          16.9      16.9     16.9     16.9    29.4     16.10     -1.00     -1.00     -1.00       -1        1       -1     -1     -1     -1             -1             -1             -1      -1      -1      -1
24          17.4      17.4     17.4     17.4    29.6     16.50     -1.00     -1.00     -1.00       -1        1       -1     -1     -1     -1             -1             -1             -1      -1      -1      -1
25          17.9      17.9     17.9     17.9    29.8     16.75     15.60     -1.00     -1.00       -1        1       -1     -1      1     -1             -1              1             -1      -1      -1      -1
26          17.8      17.8     17.8     17.8    30.3     16.75     15.60     -1.00     -1.00       -1        1       -1     -1      1     -1             -1              1             -1      -1      -1      -1
27          18.7      18.7     18.7     18.7    29.8     17.20     16.05     -1.00     -1.00       -1        1       -1     -1      1     -1             -1              1             -1      -1      -1      -1
28          19.5      19.5     19.5     19.5    29.9     18.15     16.45     -1.00     -1.00       -1        1       -1     -1      1     -1             -1              1             -1      -1      -1      -1
29          19.7      19.7     19.7     19.7    30.4     18.30     16.55     -1.00     -1.00       -1        1       -1     -1      1     -1             -1              1             -1      -1      -1      -1
...          ...       ...      ...      ...     ...       ...       ...       ...       ...      ...      ...      ...    ...    ...    ...            ...            ...            ...     ...     ...     ...
1805     14315.0   15374.0  15467.0  13232.0    -1.0  14213.50  15095.00   9038.35   8121.15       -1       -1        2     -1     -1      2              0             -1             -1      -1       1      -1
1806     14317.0   14323.0  15105.0  13847.0    -1.0  14025.50  15304.50   9310.73   8478.15       -1       -1        2     -1     -1      2              0             -1             -1      -1       1      -1
1807     12377.0   14308.0  14403.0  11690.0    -1.0  13606.00  15304.50   9469.80   8478.15       -1       -1        2     -1     -1      2              0             -1             -1      -1       1      -1
1808     13800.0   12385.0  14140.0  12183.9    -1.0  14047.60  15304.50   9536.25   8531.65       -1       -1        2     -1     -1      2             -1             -1              2      -1       1      -1
1809        -1.0      -1.0     -1.0     -1.0    -1.0     -1.00     -1.00  10360.75   9356.15       -1       -1       -1     -1     -1     -1             -1             -1             -1      -1       1      -1
1810        -1.0      -1.0     -1.0     -1.0    -1.0     -1.00     -1.00  11881.25  10876.65       -1       -1       -1     -1     -1     -1             -1             -1             -1      -1       1      -1
1811        -1.0      -1.0     -1.0     -1.0    -1.0     -1.00     -1.00  12231.78  11137.15       -1       -1       -1     -1     -1     -1             -1             -1             -1      -1       1      -1
1812        -1.0      -1.0     -1.0     -1.0    -1.0     -1.00     -1.00  12501.38  11263.95       -1       -1       -1     -1     -1     -1             -1             -1             -1      -1       1      -1
1813        -1.0      -1.0     -1.0     -1.0    -1.0     -1.00     -1.00  12802.23  11263.95       -1       -1       -1     -1     -1     -1             -1             -1             -1      -1       1      -1
1814        -1.0      -1.0     -1.0     -1.0    -1.0     -1.00     -1.00  13071.23  11405.45       -1       -1       -1     -1     -1     -1             -1             -1             -1      -1       1      -1
1815        -1.0      -1.0     -1.0     -1.0    -1.0     -1.00     -1.00  13301.88  11433.95       -1       -1       -1     -1     -1     -1             -1             -1             -1      -1       1      -1
1816        -1.0      -1.0     -1.0     -1.0    -1.0     -1.00     -1.00  13458.38  11433.95       -1       -1       -1     -1     -1     -1             -1             -1             -1      -1       1      -1
1817        -1.0      -1.0     -1.0     -1.0    -1.0     -1.00     -1.00  13560.50  11433.95       -1       -1       -1     -1     -1     -1             -1             -1             -1      -1       1      -1
1818        -1.0      -1.0     -1.0     -1.0    -1.0     -1.00     -1.00  14183.50  11732.95       -1       -1       -1     -1     -1     -1             -1             -1             -1      -1       1      -1
1819        -1.0      -1.0     -1.0     -1.0    -1.0     -1.00     -1.00  14908.50  12487.00       -1       -1       -1     -1     -1     -1             -1             -1             -1      -1       1      -1
1820        -1.0      -1.0     -1.0     -1.0    -1.0     -1.00     -1.00  15100.75  12658.50       -1       -1       -1     -1     -1     -1             -1             -1             -1      -1       1      -1
1821        -1.0      -1.0     -1.0     -1.0    -1.0     -1.00     -1.00  15100.75  12658.50       -1       -1       -1     -1     -1     -1             -1             -1             -1      -1       1      -1
1822        -1.0      -1.0     -1.0     -1.0    -1.0     -1.00     -1.00  15648.00  12658.50       -1       -1       -1     -1     -1     -1             -1             -1             -1      -1       1      -1
1823        -1.0      -1.0     -1.0     -1.0    -1.0     -1.00     -1.00  15853.73  12658.50       -1       -1       -1     -1     -1     -1             -1             -1             -1      -1       1      -1
1824        -1.0      -1.0     -1.0     -1.0    -1.0     -1.00     -1.00  15844.55  12658.50       -1       -1       -1     -1     -1     -1             -1             -1             -1      -1       1      -1
1825        -1.0      -1.0     -1.0     -1.0    -1.0     -1.00     -1.00  14830.25  12658.50       -1       -1       -1     -1     -1     -1             -1             -1             -1      -1       1      -1
1826        -1.0      -1.0     -1.0     -1.0    -1.0     -1.00     -1.00  14830.25  12658.50       -1       -1       -1     -1     -1     -1             -1             -1             -1      -1       1      -1
1827        -1.0      -1.0     -1.0     -1.0    -1.0     -1.00     -1.00  14830.25  12658.50       -1       -1       -1     -1     -1     -1             -1             -1             -1      -1       1      -1
1828        -1.0      -1.0     -1.0     -1.0    -1.0     -1.00     -1.00  14830.25  12658.50       -1       -1       -1     -1     -1     -1             -1             -1             -1      -1       1      -1
1829        -1.0      -1.0     -1.0     -1.0    -1.0     -1.00     -1.00  14787.53  12658.50       -1       -1       -1     -1     -1     -1             -1             -1             -1      -1       1      -1
1830        -1.0      -1.0     -1.0     -1.0    -1.0     -1.00     -1.00  14973.75  12658.50       -1       -1       -1     -1     -1     -1             -1             -1             -1      -1       1      -1
1831        -1.0      -1.0     -1.0     -1.0    -1.0     -1.00     -1.00  14654.25  12658.50       -1       -1       -1     -1     -1     -1             -1             -1             -1      -1       1      -1
1832        -1.0      -1.0     -1.0     -1.0    -1.0     -1.00     -1.00  14665.00  12658.50       -1       -1       -1     -1     -1     -1             -1             -1             -1      -1       1      -1
1833        -1.0      -1.0     -1.0     -1.0    -1.0     -1.00     -1.00  14455.25  12658.50       -1       -1       -1     -1     -1     -1             -1             -1             -1      -1       1      -1
1834        -1.0      -1.0     -1.0     -1.0    -1.0     -1.00     -1.00  14676.05  12658.50       -1       -1       -1     -1     -1     -1             -1             -1             -1      -1       1      -1

[1835 rows x 21 columns]0       1
1       1
2       1
3       1
4       1
5       1
6       1
7       1
8       1
9       1
10      1
11      1
12      1
13      1
14      1
15      1
16      1
17      1
18      1
19      1
20      1
21      1
22      1
23      1
24      1
25      1
26      1
27      1
28      1
29      1
       ..
1805    2
1806    2
1807    2
1808    2
1809    1
1810    1
1811    1
1812    1
1813    1
1814    1
1815    1
1816    1
1817    1
1818    1
1819    1
1820    1
1821    1
1822    1
1823    1
1824    1
1825    1
1826    1
1827    1
1828    1
1829    1
1830    1
1831    1
1832    1
1833    1
1834    1
Name: Resultado, Length: 1835, dtype: int64MLPClassifier(activation='relu', alpha=0.0001, batch_size='auto', beta_1=0.9,
       beta_2=0.999, early_stopping=False, epsilon=1e-08,
       hidden_layer_sizes=(100,), learning_rate='constant',
       learning_rate_init=0.001, max_iter=200, momentum=0.9,
       n_iter_no_change=10, nesterovs_momentum=True, power_t=0.5,
       random_state=None, shuffle=True, solver='adam', tol=0.0001,
       validation_fraction=0.1, verbose=False, warm_start=False) Accuracy: 0.93 